1000
726.9472601561212 816.8309109360785
752.1567704130463 636.5092994339744
534.915053819189 511.21437013880274
820.206909019854 373.5303765797567
517.8616979956605 539.7634576144841
409.10771606107994 640.1392862245661
551.1335063303289 222.12126096892325
457.04747074340844 461.5978240517852
538.9658084601564 466.4667194351189
347.9223937749572 619.052968101828
954.0122793048865 560.5262302404485
463.29151104442025 207.2966951543723
926.469253494861 619.5968481700922
534.923207401258 420.4259717105926
661.573473091717 585.6373169870144
357.01382919668606 612.295179094532
416.8912454963189 517.1687046260557
504.9344023330408 522.7939290295383
574.4537938297331 472.4619281687194
713.4566806938785 640.6821099712943
142.2559321580158 285.79720741913746
550.934072546567 833.2965671779446
588.2180042358586 355.4504211511346
394.6073927849088 377.79642225497474
505.4182999367466 565.0432430425665
628.9834208357062 740.6724172824509
539.0616232072639 735.9174274781956
482.04703115345734 495.70989391553576
755.6032211889641 523.8577183390803
479.6599152615292 199.53840377666222
531.968592931876 488.00258357004725
453.75280495969366 90.74819912806129
444.5791522083034 815.4012835046051
396.19312792320466 471.96745283701847
604.6254192479938 216.50156433928396
494.63185834855346 970.9951374795927
658.1075524427338 366.479323439675
563.80388315423 751.4904474134464
536.108250874672 839.7209727141501
366.4950010197261 394.63511531608924
718.4427553864303 523.6873057431977
487.50257270705674 462.95224369188645
457.57274511843406 282.2738920676484
997.5232792536026 486.78125818720537
823.1345195139284 295.7923231299783
497.9553687975531 503.2811459729963
852.1491764010893 336.63247781835946
849.7699241671797 754.8938469478701
351.31854527504476 735.1500766263425
860.7665230338241 239.99261512108183
14.943812430586092 597.1961875403739
531.7988558717128 779.3293222725539
646.0078285687273 737.8347952131901
526.542179172132 553.9490404109131
311.55788864103414 284.47220601848846
488.7002410308735 298.47142818171153
682.3543590281191 171.97551292062644
532.3028746913625 745.4356638974547
114.5805171257187 594.1286702893672
120.37446597559273 222.53319329477114
420.254975401307 602.4422902849035
843.1891784740819 812.3945038837671
250.18046620843558 786.4142733986721
600.835354914318 361.1673217517402
617.8021267011893 829.3462642800505
672.1119046555564 380.38424476706064
137.0738082984778 374.88322945003296
500.7092457132092 500.87134883512124
463.54999182820126 502.2136766579639
493.2868287312841 510.46457886606754
868.4040684278642 823.1040325427089
280.80288338650394 72.08681809448916
433.06307741874423 564.5097026658395
381.7393472193421 34.26892422733687
351.053299273573 843.5393391284479
599.1370352855799 486.2045439994969
206.43783298338093 297.7445946861503
478.58266210303276 480.08941600937925
442.3567752325601 696.4219117225625
594.7399572754073 688.967545920453
791.894009821619 618.2190805249555
469.966013169743 537.2780036552275
693.3688019970582 546.5905398322402
639.2340410000845 815.9538664951044
435.1656762098659 480.7530106441672
736.439468406852 393.4352045995728
553.3429960348076 784.8781620668353
498.63750163897873 499.7523522389259
366.82797766144154 436.0050934138766
470.69977545315135 620.1941455789325
702.014845234288 210.71070207529004
686.5642012510135 801.3231369194831
502.70545487968974 496.2183715866412
841.7408811787564 437.887091086905
442.75274378352015 518.1854935230418
345.75982999816415 137.5778601394207
127.19900478998608 511.04268572039825
775.602131721367 492.48844715289187
657.2539576937438 806.4856150076231
440.20365232934137 823.595145560716
732.997967300236 316.67706088943504
562.782257744953 407.10184542284287
162.7345539084755 156.52174682272073
682.7135602839121 444.8531824946125
730.8702729048463 517.580469612741
65.86718816304119 701.9493443675854
325.56857843557987 505.9738946310095
110.80401569843917 499.3852589388008
411.8459103502387 487.0202712015686
348.70725018567975 315.46825399507554
775.639570395847 311.5491410380806
726.2882696596147 868.0898374098201
478.0892643597568 375.0032798448427
425.40840038092387 494.5317471193237
553.4303063631854 631.7346768868606
490.3999782368299 132.01498006315921
683.1153724876872 124.04201651980304
145.15424755123286 840.4813645509867
285.06988150394903 706.6859581746451
469.56953525941856 564.4403391391205
462.2607775053373 569.5645378787233
149.21132218627838 573.9129012645082
330.08779401431593 324.4526948501217
455.46267438210623 567.23393530775
382.16868502189743 817.9278762681529
382.9573600727532 199.50055221428096
318.0740047968403 662.1492273341956
496.33860230278816 376.2732856421014
802.6964704501602 634.4816133022747
129.59969295194134 284.8456008132423
112.65592058046752 751.968395736991
360.1036340171711 607.9288797293015
302.45516769899507 316.05934735810695
482.53410058323453 519.9629482758984
276.07773437602714 294.9741800491037
657.9744871234501 716.0731281900894
330.68335097856374 530.8349823178733
251.62839389004202 736.5240429138113
644.3676671538303 629.2342055656549
384.0813551930253 632.2254454965693
350.1903709427234 313.31551968635426
508.06744635089836 471.0984128766895
411.53820280523894 350.36654281305243
516.6284236263615 534.6686874924468
250.24233268310874 624.5387909135076
665.2669760572643 501.2335405060648
713.8455437427939 681.993032923261
609.7939599460112 206.24214111559166
364.61952907174265 948.9563008728858
480.31650873633373 498.1004114262818
580.2878355705134 529.8931720006922
414.9478907254148 299.2522917252312
354.3960180632899 371.8928113922042
496.4013251846641 517.8717285365786
694.1784663672421 48.38109240729318
866.7544887870462 292.11134644986237
641.3593478354804 669.6052665264049
636.2215638320375 683.9866319893864
827.1824536494953 310.0060254892917
501.0306255025416 512.7914574070787
338.0602925376583 503.5390701867276
502.5299459359814 491.1130897139114
483.9283742601881 554.548954763399
647.0444781635301 640.9555996429095
667.702833102512 759.8386685323176
651.4813797541887 428.9290016262825
507.55332297038774 402.61752657122594
306.67401276421856 858.9050592887879
412.16315817897754 406.45556838519843
507.4929705629113 575.0134688654132
526.9902151390422 795.7996630730423
711.574847885519 662.0264752142721
625.486328770333 220.91451617703387
514.7856558323334 151.63599948692706
560.7389250247764 430.5158400004039
131.67342568872442 430.2001690766996
374.8519874930691 514.7676868958488
844.937759980904 622.7128519842224
522.3147057471625 603.2155036461635
504.8963386555074 519.9648112066454
159.0589486345201 439.81004347623804
836.5584409133892 613.1268011725945
587.3955025630396 522.0788212102093
792.3357883577962 312.4662848033664
591.9044944105378 472.6998906653885
559.7752774687367 398.2497140058828
315.00353722052876 331.8814194360606
352.4107475503755 220.98297274949397
539.6489094590166 54.27530183815236
380.12383870881786 60.2480504655735
973.6624740436282 357.69939414776854
472.530909353258 625.6119222312424
410.0186210956303 608.0683936152137
214.8741376178831 487.9472491022837
477.0170055259266 330.73339605081526
520.3297329721463 629.0398207516552
521.6433387605106 80.57032358864268
172.24797697235778 360.25284047769924
497.6299474914151 202.33608026494215
353.31335502666343 699.2205002958308
386.2170755945953 52.72214243176535
655.6807813842865 573.3257468763895
588.0421506711604 495.94924821693195
595.5053453311798 452.09909521731015
491.66151451377885 480.33479747452424
570.0540828436125 458.4325102970502
743.1030045180802 612.0557222310745
428.0523313318607 397.32636359268866
512.9443677539301 514.6052101209884
383.52175692166264 522.5177010375414
438.7621064356458 542.4633404711826
617.4876229794461 555.0726642865021
217.68035709203156 178.97258258465416
480.7095459269485 555.6109353941365
563.9545966504669 463.28395985980944
424.17321874839257 339.7068155082619
616.943310123824 856.1653182410316
232.50930967707131 568.2120425260264
555.9649341936683 648.7162753572695
474.59025388832504 324.30379726025336
513.595387547642 945.8108248590238
165.12547263676726 252.56907264935393
573.6371873416796 377.3651557692585
319.3493873696549 418.5889290941613
813.8260263097408 820.1594672369317
683.2446043014014 533.8604611898937
517.3419598599982 630.5312422632253
479.17234986403327 547.7399557408619
711.2212899779054 451.65564228501756
168.25623684443565 641.406536336684
412.3482603702952 107.44124671798215
949.4563180101886 429.1221961604914
606.6008255041619 499.1646348942027
405.1809821275816 475.4747566446894
684.8016712438565 514.6728846550402
441.5918883406857 697.4846360133802
259.9173638376516 358.2813747370654
414.64511130641904 452.9707145271003
649.2849203161268 55.809032616965226
775.9391347392905 272.89808980349017
375.5618631077378 661.3697301195031
478.2036877634847 792.117055703619
887.2911819109854 451.3859586171204
737.1942998931763 111.61381123766455
510.977274280855 658.9041711649525
268.5325771373664 320.63274817776164
126.0722440975315 291.6548867081459
530.6049987445182 493.05572406356373
477.82958125237064 957.2424578271557
633.946736779827 420.69399100427097
467.67723336750873 320.3835747282553
134.3900038726141 341.3991687801597
490.09740829142885 496.1356203754203
650.8389669228477 581.0516264291874
719.2398614949642 160.81538112397703
140.07044555515222 576.5774946865482
106.29000897166492 735.4148064259344
374.0458178420993 291.64713298270794
649.2087589059086 630.821136533769
271.6503939120589 375.5165642243066
403.6650057135472 951.4234951953963
235.94099558089238 721.4770611814516
873.5730918666152 707.3769219898234
171.140952041253 746.7938690779642
396.3054660361021 313.30219986612235
418.4028189440344 476.66635109969343
761.3371724751353 454.25089874332787
517.0874541889405 502.0416857202229
559.4241677517961 870.8640956822658
506.3760897055629 584.5128402656509
429.16028803692654 498.44809552035645
488.8952640814963 445.44151908224916
180.37987425156194 543.2862848823272
720.633904420477 89.33795429678207
851.8698786304262 418.87662869665576
529.2393987994328 490.0371854797029
866.3773943438682 612.8030277353478
706.1621451199491 813.2980882614308
857.6276431569056 460.833677087569
773.7316496739869 143.41609761459006
604.9818901623272 891.130454053011
199.0218523401444 559.9327755480778
535.7159649199983 99.88621964883868
816.4454328626425 674.2903842227358
397.913450188595 386.3575524315075
434.07412606602486 631.3232121270494
416.0692532051785 460.7799224718371
192.63157748164548 322.7752302167612
277.83242118117437 241.32293305217763
474.71626522217383 534.7802447221238
567.8946795473378 600.8525595739785
908.7570712905451 302.91870104047894
168.28151604437255 584.1894651985907
835.3024579162285 601.398173392828
614.5354517647157 520.7768305389633
353.66815344281565 842.2022092094176
313.99776874687666 401.164976845351
669.4443234124328 941.690131969692
447.653222264483 463.2877166582564
569.8856339638063 468.88291253734025
389.155885644737 230.7087111324048
619.8276441382029 446.0403959986509
341.28042048547866 432.70577092101814
703.3463349128484 254.5425482166056
216.08656694413747 862.3492192154637
430.1236050827713 640.3993622547362
565.2649716696827 540.0261517930697
427.60334903413104 961.3356313043597
500.8251856744973 479.2567918699597
574.184998040977 437.0003372686219
491.2672960666917 314.2583511355874
967.5469781043491 412.91648551287415
274.4897422857551 269.74382775490403
644.9295904129445 935.3627853926419
253.42928548710165 869.4382905494176
162.8425942637818 188.17856469444786
375.0443442905777 656.0252351369472
494.4945884266732 441.3231590953638
527.4571756037185 175.7737978531183
699.6629093117184 292.9553719003936
485.30110804665884 474.50227842188986
850.9212601854483 327.21790118835173
480.18671093894255 305.0703678462928
570.3247052150358 511.2691830244413
524.2704642301197 507.5721975391089
619.0771469280074 324.2307925453846
533.8507224670757 320.9145326965572
500.15908634725497 500.19177585112294
488.60707314921143 493.106102252774
92.49611375215778 414.4204930197323
607.9808521505893 160.3009726664934
757.3416619354401 86.93918688573069
549.043048095237 624.0532073020337
514.7791876237073 309.00671767468003
637.327785114026 571.8922472440128
423.0378137170081 774.6335074435124
817.2072796177231 725.3421219306219
322.88521244969274 406.8423851853898
228.358346266897 697.7998471823439
494.57915580820116 604.2572559097246
573.2971078301524 519.945144316513
302.03526862791085 233.9379157815343
473.0716905375731 669.5525114591194
476.3296584252758 416.01939385438516
733.5868215710188 753.5444360442575
684.0485013379512 464.08438140430246
589.1153658907706 326.66998639815176
65.93623434217665 547.1117266488183
598.5453643004934 440.5493911665353
417.8660816004485 337.85794507304126
559.9234545706485 484.2851267768098
384.79723794999825 64.00950632865147
257.9754634192765 651.6196428089709
561.4190723456096 61.47349279569545
612.3036737272589 237.87790056960216
532.07495842026 540.4979342521689
506.5811381411832 567.9637010721292
719.9857517204293 631.3696241142446
206.6836436954921 724.5706654148264
397.7065167107451 565.2069263113242
947.7779766955096 373.8047142568316
542.2777953727872 437.89173765287876
698.400343730437 211.07650707897704
123.4832320623376 690.5149350768723
590.8277826007809 679.2944408511786
342.0614477399416 775.2122379986009
260.65537181846844 641.1818415104588
413.92746918883995 174.60689297271557
791.4585043589225 666.0990313735491
651.7251301235641 374.7123399085111
219.24394383197676 431.5186044379803
539.5588095122312 658.4724726807034
280.90819863659425 175.77453373565288
679.4565506120693 298.8408218845702
448.71011872661774 464.1757889998256
783.7828905836215 548.4025014779169
376.531749933767 687.0010611364588
480.4201529458595 352.83594411146623
527.6521111008741 496.04326366387437
283.1820937156032 643.3083391239145
520.4080324463337 514.4558789046126
480.47970434313373 645.5341725850801
96.91767191287227 303.2836177700618
813.4662185908619 122.69501057099359
892.081144455624 740.5620288381458
330.17657977223973 809.1450151657075
466.98866827913116 596.964437372558
685.9395196434645 380.2324407749741
116.19784560286683 350.53358449942255
732.2186951341786 701.1586411458468
493.02404471078114 502.63175468194925
569.2708441282657 627.3837566618129
320.16283982007883 283.9996708132423
185.59977476281233 607.269295915013
658.0040594012471 523.3450336478298
324.0727129296645 796.5208136360843
174.83028026721996 412.47376269865975
610.454289413399 485.5721298610747
541.5740535443082 620.9497050696615
502.91726818087346 631.8342596996036
905.6128952392924 288.1218542053315
566.1349153707504 376.25735686943744
459.5596856845996 450.69472756814105
239.98576364119037 758.887346426553
800.8832502282178 691.9004210164564
550.712349138222 527.1441555863768
601.4942457488975 401.30078409636303
688.8873445732337 467.28622387742644
645.514013093729 499.75655242475597
493.498692596402 469.5335766687923
473.88185382319375 348.91167952152034
176.7159653377857 219.4350740456024
333.33900044368 419.0926885964652
179.3505013969734 640.4494445663655
106.74169046165161 575.5121749675762
256.14338739638686 896.4548200571493
488.32814731730485 494.81928621042334
602.816898780699 637.0353983060133
365.7483824091329 589.0417982200873
578.3112378571697 600.5674684108716
554.964794290264 556.5231906016326
784.1663275224581 406.31557219512575
677.4246043778011 78.84258327895088
326.26082935896494 534.9134430637071
292.0889192338675 789.1437360145926
566.2196704558257 331.9308759905881
582.3205718032073 485.19352610670336
373.35079026897574 547.8146622481086
622.7214152220146 268.0285778326562
334.76634578416656 933.2528930901601
489.82346615156087 483.23155512459016
626.244854037389 490.4053799930802
600.2451489106919 567.8526307030536
297.86477754918735 596.9243748040495
585.7397830878948 541.5624776585785
427.44980737249136 870.8883290479281
505.75221616732733 498.3294339463716
257.97756449000684 212.3870323240086
437.2938781981148 319.6088814274575
148.39851046290062 645.7905230118115
572.5586858419623 757.194114726264
500.89735004069865 273.3030461059361
384.18403334634 398.34930018266436
694.0850882762112 483.7312620623736
678.3395498108611 201.52800363173475
542.5635769825944 523.738460508263
715.8647433586323 588.4164090582431
535.7770536295409 738.3195379186193
213.50154466537828 788.5853592040996
503.09515652763537 500.93939016062205
848.5387699618677 277.03178944338475
457.8207090431729 924.6630633130615
386.11819986377475 527.2725529860717
123.09834731771036 264.15911345097976
440.73067519674083 778.6755279581666
259.7059377030055 710.5684293881537
96.43802167691467 411.4203386596951
949.5788286021502 598.6291457089677
426.744654148323 458.89742785449516
267.6283712024122 610.3074251497077
539.7170036259174 182.08969992404303
398.85561246963744 599.9351417227246
858.7340206533648 593.3746110798681
656.074643496941 315.0277680802974
479.04321849936343 461.7008622615301
703.3541885533108 375.03311528624823
296.1481773209821 400.5980173902069
497.1339360025217 489.9281233302875
662.8722725799362 613.684964086131
605.1634975529882 617.3680490638641
361.83538316952036 659.0148276206833
368.96749026280895 190.4772526014999
594.8381560191946 390.1847694339605
665.7470321267489 318.12516261437145
482.81861749067104 525.4865235135347
473.0703097653052 523.506228246347
600.5910372385429 569.5426154593031
449.337960877715 433.0736041419791
542.3568200282009 395.03382112597666
509.70592360242347 553.3868323554864
475.2668411703651 600.354585366233
942.0546228825212 665.082107196886
280.7282646442179 515.5924337491059
500.8623243899808 492.9981482021243
454.614642375868 501.3367139774134
700.7231506386946 754.0620510333697
184.71067120777974 466.20586669733103
503.5593905288673 501.5533526590647
150.20878350602027 428.25388510254334
504.86054157010756 492.7558033394562
447.4440489807123 294.05475671502677
23.89163268084019 604.1640084165828
625.4652704128728 521.5074184304663
206.19850416841848 478.23030269954654
208.90841825165023 370.156950584097
899.5755098227712 431.150483443791
374.5465431289323 57.62760721072408
422.2170642182549 511.48843849915465
800.4884558629993 136.4284879382223
353.59029110217466 795.7712940224562
524.349012410097 552.4158295936311
696.5217204717026 316.8751318589626
661.6252159086678 571.0889268695173
443.07895553735375 433.4395648922815
538.951889824173 505.9450459527551
553.7405632652866 368.108071536373
651.2008325076364 915.1492877540961
728.7646485600686 533.0376367505434
845.9743175732087 159.7059133709662
469.4432640047604 554.2070431647289
150.087485086978 721.9959898828574
502.2574300940886 753.4071103865224
403.14527095162373 709.000146521159
456.9330550283468 661.9795177376278
895.3956782220375 231.29978873445134
351.7252375667167 543.8975949387309
413.4540695071721 391.0978327650289
299.9963761601474 233.44910448285128
754.7584503970668 311.64687419643957
709.468067884147 643.1908929829206
940.2680114522834 393.60291681870217
346.79424159416214 659.5308073421679
728.8322163213974 742.272383902289
448.54914049714 467.67294027896946
889.6992492652502 244.26075577101454
524.5849284981953 568.2210202214303
603.7462928252313 395.8688651980185
460.43621657394914 313.91744114352434
337.64589787412626 561.3944186828764
465.8083390005367 567.8976613025802
651.7760138276411 854.062321706075
571.9499346425678 704.7485697328161
746.2278749857044 578.6163432971271
894.2950155377328 543.6905523989195
538.5039408375269 437.1130627419557
367.3658325405768 317.14456604771414
334.64657041839496 805.6523996601601
568.1632186871864 248.70329706732548
503.0462186202458 501.36169583003505
561.0472617191627 672.3272975375194
919.3053759440747 256.6330212543685
812.5443685817932 574.6883228039785
587.627229299031 474.8127910585739
828.4600078290257 796.6524245830747
377.3136696260533 400.1593227098545
245.214958873954 111.41269736848244
503.67584513480557 496.98360840915745
360.53655405804477 638.6215714388997
435.9239353315475 498.43779897410633
321.53518721078376 496.2393931502889
793.2651081322242 653.4398790609192
118.05956225291601 335.0301945523254
609.7607261140438 404.4732857314536
482.98711811738247 632.3914108440433
21.213167522460026 638.1448125497774
823.636891723479 245.04193688815678
320.1212629663786 749.8463246230212
497.9271840703119 496.9893042528251
30.128777714899115 569.6154297350829
704.4187889639013 826.4060493910672
469.18534134374534 379.4948072530884
338.50492842242363 711.0192031286645
487.508373725236 501.17126060238195
597.761384959968 340.0523562568444
587.9026627999071 388.090306368287
58.834996637546226 284.24864860727655
508.7091952024256 756.9583712506264
163.92552066144953 577.3787055517624
572.2731880712068 319.3178925374652
416.6181113427542 580.3257199185364
661.4514306432479 711.0140526250088
636.6589648273106 860.6041846288597
370.24308712819953 872.9224374894588
554.3394873603935 528.8880595626957
101.6198193149038 730.6561979374453
408.896013448908 463.73985692252205
362.3065609213071 933.0840270336806
749.1170511989875 412.6198520044745
759.8535230248605 907.1809393651475
730.4134997598076 419.6543979506005
416.5829794095231 405.17104795901525
648.1637100288085 628.3955972225438
247.19698769362236 535.4960829087433
748.703969571741 728.0228247836567
500.4513069258942 497.05871608065075
722.6490374725656 361.9597712445177
517.1412620995002 497.01781648067197
334.8828619290006 952.4300138703281
873.5569714643209 790.8063492237357
933.8264005261163 469.808181482944
529.8281386509168 462.89784603029
99.13061109851992 608.4986248700844
854.2124623712764 598.6879166829513
550.3994115643511 689.3326305058054
735.1462245805938 710.5875465746003
69.83473990430775 731.8366804078904
449.4695650217513 440.113812395343
344.02134601247747 509.30603510682096
565.58286185566 455.33493962805574
498.0803126642269 509.7482868723607
222.81450946275572 277.9491887452589
848.9577445352149 612.4582934364785
519.9016221591153 170.1939570337782
517.7521110773658 498.5094392122319
483.6535321967636 341.9060093348489
551.3141101630096 495.7137847091871
512.4988342206765 274.3675441356818
246.87870221747085 218.34036894153678
306.85191921746053 114.57244090701579
117.00894315502796 368.2879100054013
637.6979191074835 133.27882085633962
279.2269252753264 484.8571975410674
163.2566558106559 398.12796992327253
505.9495866100532 498.1307967986181
679.2331458169224 356.7295130074628
772.1198783561865 846.3764417907591
620.5804429271448 873.6050895629427
625.8376315471317 614.0284575826654
800.7675422355127 837.5737236740877
739.7701990027672 734.9879464184529
130.14309449917215 419.84874924811777
473.69585222374076 460.9863218386301
322.4449255627642 606.6387443846581
739.6269323846709 445.8697616591021
602.5678426562788 898.6622459891003
503.0147217061786 496.4593870693085
472.14170148679716 510.6880589220972
365.36863824744376 904.1044119691167
821.7405253576883 420.71054456092594
634.6046589434718 490.77987760029635
716.2006275939132 51.932640220817916
378.1175145484328 321.3862594971141
375.35781682340007 613.2405916448075
210.49008861048588 417.60061187553345
511.79191751502054 505.97427699448326
231.98796456430546 248.66660218629474
671.0554201078995 374.8502471104073
280.12431794258987 80.18669437861695
375.7699867338091 823.9031851870637
427.16093412534957 385.2930642105911
455.2564134034582 406.4576578283916
518.7429350057836 578.6010721133332
699.6424047281162 539.9922911489584
523.2549160366594 506.58559223203315
429.52297428016584 723.4101864239028
37.866785508232965 680.4806263440133
889.0996340163218 363.3084144807524
518.2254205936749 173.14890566801876
44.234672482492954 590.1825200486973
528.699432191387 756.4388879586695
518.9188502072182 442.13539316722154
281.6937054426843 369.6393558403521
978.1276792099964 535.6211303970256
329.33199812761467 550.3187911702805
398.97962876817553 802.0945628094877
834.437255409071 518.515777427497
422.3419718584881 886.9460590276168
616.2030760650719 467.4629239128849
975.9307740018247 390.0181230848848
750.3730587488913 771.5258139623545
884.4815517784816 184.56153976216387
69.27458698819231 696.3960200298491
557.542321447609 677.4674209502843
357.68279465217176 425.5513328970281
616.1765051375307 476.4581528077278
556.0299291745634 287.49156745189237
627.2490779664672 620.9087571169058
232.28680066203725 218.51224166206146
195.35372667435712 540.4719203007993
312.6569274345811 626.5029633980627
345.34790418535215 478.46191313408775
942.1308243083167 356.15007116487527
284.33699815987933 461.295937778418
498.71091996975736 501.50603339480665
472.57180990270615 533.3997706647131
171.6570920027383 352.45148135519275
253.54244059575217 111.70872687905143
104.66191166688083 759.4435339346038
210.93575425934017 647.2265259092053
357.7963235368884 729.8052089086157
860.9188330230115 473.74698369199126
278.39136104555337 135.41097085598238
676.3111553679781 696.7890949120995
723.7259230323714 412.0796558425268
477.51074468734174 491.5260878747972
666.0575094870809 514.8793794340332
227.69213306386604 106.65718692364914
83.57734982332397 744.0376566673754
890.4375487383153 304.553751335682
374.2754585714038 309.0760773118132
349.7273142321899 488.62603685200327
492.40948086170863 505.2053003329384
476.7103457077613 362.16031144498413
499.2611124005936 499.87609737135136
301.72697457490045 425.89866422717654
301.8656143228799 745.5304058497826
619.7498529210211 130.082559318819
588.9970579317614 363.0211458999996
404.1230159688447 611.1754964227548
599.425128235237 868.0570758333774
434.6229047992703 475.8808713510093
558.4096643423504 370.8036283163484
281.51090779877063 573.5726449238895
982.9383450494684 560.1684840138918
398.1379114282572 734.7614848173959
968.3416589682672 372.91343283959134
783.3954368105365 399.3384272102438
484.8612561315246 223.02161895931
870.4013082819612 182.9741255023527
660.0417512137271 648.4202106059458
340.46743054690694 206.02419017531724
249.27070007886573 906.9764171838599
588.4036981763884 597.4346982148996
370.159025779026 443.4593937344996
877.0538216122922 397.3919874959719
448.9246082834873 650.6736735871131
752.0856766968262 633.3909309325845
280.6275846344225 417.2393614527584
775.2979428109493 434.25958311037095
377.1239716970784 321.4405973755649
644.0155727977182 70.86106408254602
215.4601230198396 421.08422519975625
388.145540542865 518.5303121751487
70.37556607418514 688.0704538969187
805.0001093333499 675.3927717827306
83.03045987421922 485.5222139022394
716.658374695332 753.4639789513863
535.9642813221561 368.028047763254
765.7488352736445 407.979532180994
290.7558546060162 228.0341395489474
348.3974386010592 703.4060153668867
311.1367445502036 72.45213481256769
593.6459307299301 525.1939071416365
419.30633599916797 632.4933890677205
504.5127741229315 487.4976326745671
496.1816620223208 573.8928840458193
367.3604109245292 568.429388179035
358.70754374843943 631.7133676565778
548.6111191775944 382.9832330092395
168.08233586621088 550.2265946357074
326.5569394459626 843.8452976400613
111.3137878871882 721.3247126218782
478.8479975322206 454.35438050266544
349.8624282561832 274.1104272308844
505.3752189458038 889.0095423340647
512.0121557243317 514.3924340612872
411.1517594542742 324.5065396944982
787.0894071534257 691.2068119420218
630.3878450334937 108.68598921294597
549.16605101413 560.0382469710627
269.5878906608756 796.4741831457098
658.4418431267308 113.96849563642508
255.0397262315988 359.1094546181805
278.56885860846296 683.0862371538595
543.6362019646084 576.8365310912084
82.96518106241655 772.5201303223718
461.343782563039 613.283270882382
299.07404057880785 519.4962272703233
479.82514834496357 361.813218546125
927.7826312805939 725.7360424831991
512.092073002022 383.76443187479174
412.8532729417179 429.85305474610584
470.20895984508854 217.46765097141696
364.1165882965229 582.0628532230062
427.3639856585379 735.9495298244631
511.0304627035914 177.61488072687575
461.56096579082487 587.5169643862507
835.4805425936415 388.49155247523686
252.77612703628625 255.88369715132941
306.21704701546093 576.0885513728315
621.9702337555082 363.1731277505354
274.64247782517054 75.21207657720896
678.9885777647994 471.81926783791687
243.80106699065044 131.89001284301838
849.3348556795488 513.9510639883047
592.6871935550038 505.3881749751019
494.56920472387947 129.9314869977797
508.6893772127326 501.06627432612026
196.19705498486468 863.6188008880586
664.4557528763048 313.9845396573066
636.0651822824186 546.145993308715
306.1480608883856 110.87853562336068
860.0992862368134 653.1588579782995
202.8105559819793 557.6662948684532
499.6224057504168 489.44930554309923
368.0676765054517 302.0599898866283
867.2087908202682 719.833625837725
950.6781174681137 511.91737425368405
286.1315367385237 88.24444938948352
539.4959193164179 860.8144310889779
521.6392268127198 427.7368553761339
170.14483924702358 671.5931020470994
578.1599031673852 723.0958545865499
646.5631111970657 441.003617256377
488.59019726050974 502.30933467305954
802.9423675000155 308.8563133555243
559.4284695588848 404.53130627002827
639.9698899500165 950.1492484994308
269.2451124631052 299.129909605211
299.53120165861844 636.2575483939899
368.5124181125433 349.9332006655177
577.4080399882092 621.5709429263062
621.2667740191371 362.87170986781166
443.4548792365969 758.7950750857026
132.493598114537 342.5583862044468
691.8979522788488 755.1005080690635
780.3758338682096 771.0619883930768
871.3835612841563 827.7492078807996
840.1562691363536 784.4973912655842
473.38455740242375 49.49803998761456
543.2166110755185 615.2433855158014
739.4668378844796 742.0351422552428
437.95449583668034 180.88181390651158
722.0752478961455 525.6474834247092
709.2284695768265 441.576366660012
56.87384066985413 287.863438514205
458.5134596332938 378.5663933284083
666.4688956860787 535.5428933445775
897.3340890259549 627.3078477074563
689.9941151243223 934.8060283317569
466.286033253986 298.54427790746377
305.54456872211284 343.9731233597195
777.2062548688807 857.5442022389936
425.44138076975156 724.4491105375773
516.3569261559139 517.3451444563773
508.30909935431407 589.404935198852
659.9873640884945 798.5323831505068
685.0874184147527 678.9320244792502
42.159327577476006 522.0926086216123
512.5363366582611 753.2945717204639
644.1362481771941 715.3818529312331
478.590484042798 527.8044300463232
377.3701461327116 259.4427528715719
202.5271622208616 375.61947501957957
439.44719950328533 593.2122844011832
881.9190485046776 516.2090263550704
428.7516690586719 715.170340754618
483.72400744432014 625.9212375404535
449.8204223200457 30.284028511312727
519.9249012055791 381.6053089487656
634.4210149687524 818.6217385926465
439.2324189826674 463.7601835617235
499.597817592358 591.8055951837185
100.48718934495611 642.4168260053945
576.8805612604881 881.1834282578525
760.815659885811 675.3179647117262
537.0206380460188 491.2787269954294
43.5522346680018 612.9394790108009
596.1778624360375 361.1215784785774
468.93909975351573 581.5225066575756
634.6594602222848 169.3740444330653
574.1395111975563 145.42248700266236
540.1078448810767 439.92379928602804
639.1469145434694 701.5898604524473
401.0427686589465 566.7081824488121
418.2603120652088 272.5575264971568
484.4367362489535 301.745751372869
108.79153053703129 514.8028728351273
574.4416583679478 781.7825533619899
374.52632701528773 535.9872136047222
468.42316015773275 524.6210573319062
699.1902395309755 457.9443770519637
557.4134399466767 110.74434565232207
690.8105531951211 813.1705869484385
69.48297034583169 672.9973911405266
355.4388104270015 387.0943364762179
652.5708538508599 202.1922783297876
851.2934466602844 343.95976899028454
374.2381227567025 460.69739520812107
482.1859850183102 311.8253849091651
505.1728147633756 393.16969443155017
333.92219078925814 471.9418240960649
429.6218158001044 492.50133256934777
418.83074059380004 556.2137062711081
30.19487703542694 445.30485421839353
275.21578258329754 314.4326347632592
482.39603895309733 817.8285452742821
652.6012281767178 523.7688701036179
433.56931196111503 618.3040139684093
462.8040976901186 446.8517676429093
310.074937198215 780.9437948853638
573.4408392220338 502.89261638465035
453.39289514888037 326.77263331079575
343.2710123545319 484.30060193305405
344.59253075436345 107.94033586571578
596.4368689895911 416.08149577811264
575.4721959614461 604.068999656163
635.0708055947141 339.4806387884074
577.1139313788691 469.554417493278
537.7093633178075 396.5274858447479
460.30480255413516 547.8560702027597
770.860698521953 890.5364907021029
41.075012175282836 630.3748471991037
341.764951883452 708.0435676076911
507.15685005308546 310.5738119140847
710.3364052995769 552.3051837821348
927.8808180108169 624.242498782017
148.5636421274574 186.14725096359882
321.22821125084147 777.680210861583
567.6422435987865 56.49503614449674
170.2625089233361 134.6983517096961
284.41943681352416 361.4492597633449
101.63731594296212 318.61675729512524
549.1240112387469 577.2990179365352
895.522494755918 650.2977733169355
429.63705707569954 490.9759015037488
317.93537370684976 454.5924650500165
407.055923875129 365.70609726772244
490.91452692472524 467.00556657775167
387.3817657004901 491.9213266460491
222.2775305647545 553.2493148207197
522.0730748968235 850.1829337887566
437.78694622435034 386.7613986418287
260.81674417987415 582.8193589929331
451.66388977794486 429.70869279503404
648.8546226399421 799.2656908350277
435.2924028608776 945.0905896527589
435.09440367065247 507.68683705363355
725.9430741934749 684.2625483248943
438.4294466949985 221.33302623313017
534.181316840625 624.2948540383583
454.02157986525464 195.90133144317736
441.7683394654464 370.8441998892107
826.9524863592587 633.6097851064096
475.2448777390923 342.8020721248835
398.3807938876956 353.94575075686276
888.5638708839349 358.33067911022
637.1777933381111 616.5784701522613
478.9345176071293 808.9006668589261
308.15248194989135 527.4185252387872
763.8379028421338 293.61541391676565
250.373442085454 324.3710248803304
556.7927088160964 129.9617647231026
221.5802771682503 736.8243023083554
122.71390497495071 381.5772551815295
527.1417776287368 430.2029150289708
454.215481446101 366.4192439024981
626.4224701038672 439.18796243703423
490.48824828868624 499.40613587756025
858.6557600090078 592.5911234909432
853.0663905162072 784.9436332394887
548.9127651734971 60.951039963296296
230.42183473150658 626.4787365903081
138.67981709318127 369.8209628445656
449.82228548795393 557.7283203042043
422.6051244415124 495.39559518607706
433.0124215477563 490.9413338362734
549.4968429873533 430.9494749108756
575.4968087326546 401.08101768437825
771.344949791971 504.2301413451901
660.2668931374683 493.32690021696664
894.168270914475 428.86925649806705
647.0763200743351 141.75618316751286
281.8200193964327 148.5932668309004
52.66042484116423 398.0620912595224
518.3842852464466 459.8208386526066
255.89069393617652 576.0679728759444
534.3082301689608 499.32654185480976
496.068526201511 930.1042980166449
540.8299675291739 987.3578487719047
618.252513345013 345.9957345701336
561.382626486602 405.61363668175716
749.1195682275919 284.0052145640501
340.1861197800665 792.9093912735356
610.5971131708509 100.25873603639684
86.99234078930266 637.2512913928825
240.37558549916605 498.5700333400119
627.9732987912358 736.464318042513
558.397903660505 263.8623408512684
242.35751143975892 225.90862351116118
709.3817521348788 725.9130843864556
297.4518715637462 575.3129520654514
482.9642479903227 470.16362645102413
799.4774779830294 254.51433393649296
363.63905954945335 530.5944599549981
494.563019242993 276.76366775937987
491.24914169199775 525.1492968681038
931.9118071644632 345.0203526644724
536.2884958617707 427.0499543103356
525.3981904618712 491.6712398170615
392.29246778948425 529.3027062990129
276.5569398676075 914.2572484666186
40.4068267079424 646.4643487596423
515.9151305440267 756.4225125514506
264.7072500130572 62.086774198395574
483.11381214785075 506.4259432215908
887.5658174640552 241.97401811858913
56.62757678916262 592.6175901012648
758.1336643793259 830.6434519008212
208.66268105361092 690.1596109185466
350.62740128478185 113.60217870917808
517.4746511241952 528.4802426190671
572.511031360415 239.44968906520688
599.6343670877026 576.4189300234224
129.70216791531487 593.8234106351072
912.0294972937006 423.6920618880338
538.0665897267083 303.00030752572945
313.7018962649877 808.8356780477222
157.47744578254793 229.45802995141298
173.6568758002834 630.9787111316223
